Physicochemical properties,GG,GA,GC,GT,AG,AA,AC,AT,CG,CA,CC,CT,TG,TA,TC,TT
Twist,0.026 ,0.025 ,0.025 ,0.036 ,0.031 ,0.026 ,0.036 ,0.033 ,0.014 ,0.016 ,0.026 ,0.031 ,0.016 ,0.017 ,0.025 ,0.026 
Tilt,0.042 ,0.038 ,0.036 ,0.038 ,0.037 ,0.038 ,0.038 ,0.036 ,0.026 ,0.025 ,0.042 ,0.037 ,0.025 ,0.018 ,0.038 ,0.038 
Roll,0.019 ,0.020 ,0.026 ,0.023 ,0.019 ,0.020 ,0.023 ,0.022 ,0.016 ,0.017 ,0.019 ,0.019 ,0.017 ,0.016 ,0.020 ,0.020 
Shift,1.430 ,1.320 ,1.200 ,1.320 ,1.460 ,1.690 ,1.320 ,1.030 ,1.080 ,1.070 ,1.430 ,1.460 ,1.070 ,0.720 ,1.320 ,1.690 
Slide,1.650 ,1.930 ,2.610 ,3.030 ,2.030 ,2.260 ,3.030 ,3.830 ,2.000 ,1.780 ,1.650 ,2.030 ,1.780 ,1.200 ,1.930 ,2.260 
Rise,8.040 ,8.560 ,9.530 ,8.930 ,7.080 ,7.650 ,8.930 ,9.070 ,6.230 ,6.380 ,8.040 ,7.080 ,6.380 ,6.230 ,8.560 ,7.650 
Propeller Twist,-12.800 ,-15.100 ,-11.700 ,-6.700 ,-14.300 ,-17.300 ,-6.700 ,-16.900 ,-11.200 ,-8.600 ,-12.800 ,-14.300 ,-8.600 ,-11.100 ,-15.100 ,-17.300 
Slide stiffness,1.650 ,1.930 ,2.610 ,3.030 ,2.030 ,2.260 ,3.030 ,3.830 ,2.000 ,1.780 ,1.650 ,2.030 ,1.780 ,1.200 ,1.930 ,2.260 
Shift stiffness,1.430 ,1.320 ,1.200 ,1.320 ,1.460 ,1.690 ,1.320 ,1.030 ,1.080 ,1.070 ,1.430 ,1.460 ,1.070 ,0.720 ,1.320 ,1.690 
Roll stiffness,0.019 ,0.020 ,0.026 ,0.023 ,0.019 ,0.020 ,0.023 ,0.022 ,0.016 ,0.017 ,0.019 ,0.019 ,0.017 ,0.016 ,0.020 ,0.020 
Rise stiffness,8.040 ,8.560 ,9.530 ,8.930 ,7.080 ,7.650 ,8.930 ,9.070 ,6.230 ,6.380 ,8.040 ,7.080 ,6.380 ,6.230 ,8.560 ,7.650 
Tilt stiffness,0.042 ,0.038 ,0.036 ,0.038 ,0.037 ,0.038 ,0.038 ,0.036 ,0.026 ,0.025 ,0.042 ,0.037 ,0.025 ,0.018 ,0.038 ,0.038 
Twist stiffness,0.026 ,0.025 ,0.025 ,0.036 ,0.031 ,0.026 ,0.036 ,0.033 ,0.014 ,0.016 ,0.026 ,0.031 ,0.016 ,0.017 ,0.025 ,0.026 
